   9.3358308643403151e-02
   1.7671661728680629e-01
   2.5103568690725658e-01
   3.1718397231629963e-01
   3.7594649057615470e-01
   4.2803283737307146e-01
   4.7408443320881655e-01
   5.1468107340635927e-01
   5.5034684881657037e-01
   5.8155549768652637e-01
   6.0873524334119100e-01
   6.3227316707951942e-01
   6.5251916093976881e-01
   6.6978950069854248e-01
   6.8437007559002938e-01
   6.9651930772642157e-01
   7.0647079103181121e-01
   7.1443567663761620e-01
   7.2060482909852175e-01
   7.2515077544760898e-01
   7.2822946699387181e-01
   7.2998187185310393e-01
   7.3053541447463322e-01
   7.3000527686394345e-01
   7.2849557478890603e-01
   7.2610042098070582e-01
   7.2290488618657089e-01
   7.1898586788830676e-01
   7.1441287555774424e-01
   7.0924874046790665e-01
   7.0355025730829146e-01
   6.9736876415625904e-01
   6.9075066672703322e-01
   6.8373791225580782e-01
   6.7636841785110990e-01
   6.6867645769364292e-01
   6.6069301303457639e-01
   6.5244608856736530e-01
   6.4396099840380028e-01
   6.3526062457459420e-01
   6.2636565069424133e-01
   6.1729477317626902e-01
   6.0806489215575166e-01
   5.9869128406873551e-01
   5.8918775765090403e-01
   5.7956679494850227e-01
   5.6983967878148067e-01
   5.6001660796047770e-01
   5.5010680143420465e-01
   5.4011859243075566e-01
   5.3005951355418790e-01
   5.1993637370535561e-01
   5.0975532761248921e-01
   4.9952193868154793e-01
   4.8924123580815693e-01
   4.7891776473127390e-01
   4.6855563445299614e-01
   4.5815855919853399e-01
   4.4772989634483362e-01
   4.3727268070516578e-01
   4.2678965551978482e-01
   4.1628330046912626e-01
   4.0575585699560607e-01
   3.9520935119259948e-01
   3.8464561449433676e-01
   3.7406630237799410e-01
   3.6347291126896075e-01
   3.5286679382191388e-01
   3.4224917273374811e-01
   3.3162115322941144e-01
   3.2098373434815186e-01
   3.1033781914542502e-01
   2.9968422391464233e-01
   2.8902368652292965e-01
   2.7835687394601882e-01
   2.6768438907921605e-01
   2.5700677689399909e-01
   2.4632453000311294e-01
   2.3563809369099231e-01
   2.2494787046088108e-01
   2.1425422414508211e-01
   2.0355748362031031e-01
   1.9285794616608934e-01
   1.8215588050048626e-01
   1.7145152952418480e-01
   1.6074511280091888e-01
   1.5003682879959568e-01
   1.3932685692100430e-01
   1.2861535932980608e-01
   1.1790248261051452e-01
   1.0718835926437506e-01
   9.6473109062430520e-02
   8.5756840268589318e-02
   7.5039650745186037e-02
   6.4321628952324073e-02
   5.3602854851205223e-02
   4.2883400720671101e-02
   3.2163331895294252e-02
   2.1442707432556440e-02
   1.0721580715927033e-02
